-1.0    0.0     0.0     30000
0.0     0.6     0.0     350
0.0     0.6     350     450
0.0     0.6     450     550
0.0     0.6     550     30000
0.6     0.75    0.0     350
0.6     0.75    350     450
0.6     0.75    450     550
0.6     0.75    550     700
0.6     0.75    700     30000
0.75    0.86    0.0     400
0.75    0.86    400     500
0.75    0.86    500     600
0.75    0.86    600     700
0.75    0.86    700     850
0.75    0.86    850     30000
0.86    0.93    0.0     500
0.86    0.93    500     600
0.86    0.93    600     700
0.86    0.93    700     900
0.86    0.93    900     30000
0.93    1.0     0.0     500
0.93    1.0     500     600
0.93    1.0     600     800
0.93    1.0     800     900
0.93    1.0     900     30000
