-1.0    0.0     0.0     30.0
0.0     0.6     0.0     0.35
0.0     0.6     0.35    0.45
0.0     0.6     0.45    0.55
0.0     0.6     0.55    30.0
0.6     0.75    0.0     0.35
0.6     0.75    0.35    0.45
0.6     0.75    0.45    0.55
0.6     0.75    0.55    0.7
0.6     0.75    0.7     30.0
0.75    0.86    0.0     0.4
0.75    0.86    0.4     0.5
0.75    0.86    0.5     0.6
0.75    0.86    0.6     0.7
0.75    0.86    0.7     0.85
0.75    0.86    0.85    30.0
0.86    0.93    0.0     0.5
0.86    0.93    0.5     0.6
0.86    0.93    0.6     0.7
0.86    0.93    0.7     0.9
0.86    0.93    0.9     30.0
0.93    1.0     0.0     0.5
0.93    1.0     0.5     0.6
0.93    1.0     0.6     0.8
0.93    1.0     0.8     1.0
0.93    1.0     1.0     1.5
0.93    1.0     1.5     2.5
0.93    1.0     2.5     4.0
0.93    1.0     4.0     30.0
