-1.0 0.0 0.0 30000
 0.0 0.6 0.0 300
 0.0 0.6 300 400
 0.0 0.6 400 500
 0.0 0.6 500 600
 0.0 0.6 600 30000
 0.6 0.7 0.0 300
 0.6 0.7 300 400
 0.6 0.7 400 500
 0.6 0.7 500 600
 0.6 0.7 600 700
 0.6 0.7 700 800
 0.6 0.7 800 30000
 0.7 0.8 0.0 300
 0.7 0.8 300 400
 0.7 0.8 400 500
 0.7 0.8 500 600
 0.7 0.8 600 700
 0.7 0.8 700 800
 0.7 0.8 800 30000
 0.8 0.85 0.0  300
 0.8 0.85 300  400
 0.8 0.85 400  500
 0.8 0.85 500  600
 0.8 0.85 600  700
 0.8 0.85 700  800
 0.8 0.85 800  1000
 0.8 0.85 1000 30000
 0.85 0.9 0.0  300
 0.85 0.9 300  400
 0.85 0.9 400  500
 0.85 0.9 500  600
 0.85 0.9 600  700
 0.85 0.9 700  800
 0.85 0.9 800  1000
 0.85 0.9 1000 1500
 0.85 0.9 1500 30000
 0.9 0.94 0.0  400
 0.9 0.94 400  500
 0.9 0.94 500  600
 0.9 0.94 600  700
 0.9 0.94 700  800
 0.9 0.94 800  1250
 0.9 0.94 1250 2000
 0.9 0.94 2000 30000
 0.94 0.98 0.0  400
 0.94 0.98 400  500
 0.94 0.98 500  600
 0.94 0.98 600  700
 0.94 0.98 700  800
 0.94 0.98 800  1000
 0.94 0.98 1000 1250
 0.94 0.98 1250 1500
 0.94 0.98 1500 2000
 0.94 0.98 2000 3000
 0.94 0.98 3000 30000
 0.98 1.00 0.0  500
 0.98 1.00 500  600
 0.98 1.00 600  700
 0.98 1.00 700  800
 0.98 1.00 800  1250
 0.98 1.00 1250 2000
 0.98 1.00 2000 3000
 0.98 1.00 3000 5000
 0.98 1.00 5000 30000
