-0.5 0.5  0.0000001   0.08 
-0.5 0.5  0.08 0.12        
-0.5 0.5  0.12 0.155       
-0.5 0.5  0.155 0.2        
-0.5 0.5  0.2 0.26         
-0.5 0.5  0.26 0.36        
-0.5 0.5  0.36  0.51       
-0.5 0.5  0.51  1.1        
-0.5 0.5  1.1   100        
0.5 3.5   0.0000001   100.0
3.5 5.5   0.0000001   100.0
5.5 7.5   0.0000001   100.0
7.5 11.5   0.0000001   100.0
11.5 13.5   0.0000001   100.0
13.5 14.5   0.0000001   100.0
14.5 23.5   0.0000001   100.0
23.5 25.5   0.0000001   100.0