1
0000 0100 14 1
0100 0200 14 1
0200 0300 14 1
0300 0400 14 1
0400 0500 14 1
0500 0600 14 1
0600 0700 14 1
0700 0800 14 1
0800 1000 14 1
1000 1200 14 1
1200 1500 14 1
1500 2000 14 1
2000 2500 14 1
2500 3000 14 1
3000 3500 14 1
3500 4000 14 1
4000 5000 14 1
5000 7000 14 1
7000 10000 14 1
10000 30000 14 1
0000 0100 -14 1
0100 0200 -14 1
0200 0300 -14 1
0300 0400 -14 1
0400 0500 -14 1
0500 0600 -14 1
0600 0700 -14 1
0700 0800 -14 1
0800 1000 -14 1
1000 1200 -14 1
1200 1500 -14 1
1500 2000 -14 1
2000 2500 -14 1
2500 3000 -14 1
3000 3500 -14 1
3500 4000 -14 1
4000 5000 -14 1
5000 7000 -14 1
7000 10000 -14 1
10000 30000 -14 1
0000 0100 14 -1
0100 0200 14 -1
0200 0300 14 -1
0300 0400 14 -1
0400 0500 14 -1
0500 0600 14 -1
0600 0700 14 -1
0700 0800 14 -1
0800 1000 14 -1
1000 1200 14 -1
1200 1500 14 -1
1500 2000 14 -1
2000 2500 14 -1
2500 3000 14 -1
3000 3500 14 -1
3500 4000 14 -1
4000 5000 14 -1
5000 7000 14 -1
7000 10000 14 -1
10000 30000 14 -1
0000 0100 -14 -1
0100 0200 -14 -1
0200 0300 -14 -1
0300 0400 -14 -1
0400 0500 -14 -1
0500 0600 -14 -1
0600 0700 -14 -1
0700 0800 -14 -1
0800 1000 -14 -1
1000 1200 -14 -1
1200 1500 -14 -1
1500 2000 -14 -1
2000 2500 -14 -1
2500 3000 -14 -1
3000 3500 -14 -1
3500 4000 -14 -1
4000 5000 -14 -1
5000 7000 -14 -1
7000 10000 -14 -1
10000 30000 -14 -1