2
-1.0  0.2  000  30000
 0.2  0.6  000  300
 0.2  0.6  300  400
 0.2  0.6  400  500
 0.2  0.6  500  700
 0.2  0.6  700  1000
 0.2  0.6  1000 30000
 0.6  0.7  000  400
 0.6  0.7  400  800
 0.6  0.7  800  1200
 0.6  0.7  1200 30000
 0.7  0.8  000  400
 0.7  0.8  400  500
 0.7  0.8  500  600
 0.7  0.8  600  1000
 0.7  0.8  1000 30000
 0.8  0.85 000  600
 0.8  0.85 600  1000
 0.8  0.85 1000 30000
 0.85 0.9  000  600
 0.85 0.9  600  1000
 0.85 0.9  1000 30000
 0.9  1.00 000  700
 0.9  1.00 700  1500
 0.9  1.00 1500 30000
